Total time: 9.558420896530151 seconds
y = -7.456416702
x = -7.3890560989
