Total time: 9.549031972885132 seconds
f = -0.00010933152706
b = 0.010341116978
i = -7.7073075802e-05
j = -4.0566497419e-05
c = 0.0045853284287
h = -0.00018293356589
d = 0.0018439213405
k = 0.00052650972415
g = -0.00041686078721
abc = 0.022650801207
