Total time: 9.850953102111816 seconds
abc = 0.022650801207
k = 0.00052650972415
h = -0.00018293356589
d = 0.0018439213405
c = 0.0045853284287
j = -4.0566497419e-05
i = -7.7073075802e-05
f = -0.00010933152706
g = -0.00041686078721
b = 0.010341116978
