Total time: 0.04523897171020508 seconds
j = -4.0566497419e-05
k = 0.00052650972415
abc = 0.022650801207
b = 0.010341116978
d = 0.0018439213405
h = -0.00018293356589
c = 0.0045853284287
i = -7.7073075802e-05
g = -0.00041686078721
f = -0.00010933152706
